# performed: 12046186 steps
# collection matrix updated: 120 times
# minimum microstate: 70
# maximum microstate: 140
# column 1: N
# column 2: CM[-1]
# column 3: CM[ 0]0
# column 4: CM[+1]
# column 5: bias
# column 6: lnpi
# column 7: forward lnpi
# column 8: reverse lnpi
# column 9: histogram
N CM[-1] CM[0] CM[1] bias lnpi Forward_lnpi Reverse_lnpi histogram
70 44062.6697269295 126338.45176102396 31175.87851204593 1.2330717005316083 -1.2330717005316083 0 0 201576
71 42004.97338282881 121872.94066281202 29921.085954357975 1.5703972120362513 -1.5703972120362513 -1.8666650877765019 -0.33732551150464296 193799
72 41024.10077386862 118574.09219587558 28784.80703025522 1.9140062120142731 -1.9140062120142731 -2.205186061441303 -0.6809345114826648 188383
73 39554.371242131536 115439.66097832666 27929.967779541028 2.26160306858268 -2.26160306858268 -2.5598739729731914 -1.0285313680510715 182924
74 38807.1926870731 112082.23339805077 27081.57391487621 2.6183778873876307 -2.6183778873876307 -2.908367355703371 -1.3853061868560221 177971
75 37951.83309587528 111251.82509159477 26724.341812530733 2.967896734474417 -2.967896734474417 -3.2682520479232995 -1.7348250339428084 175928
76 37488.197333834374 110730.380528175 26498.422137990685 3.3136049260959037 -3.3136049260959037 -3.619310437780131 -2.080533225564295 174717
77 37235.526515155376 110007.09585421628 26100.377630629184 3.661528398699872 -3.661528398699872 -3.9668483049506644 -2.4284566981682634 173343
78 37024.75902627866 110316.17904626556 26139.061927455765 4.010841983459063 -4.010841983459063 -4.322377192103303 -2.777770282927454 173481
79 37118.19170710872 110995.80956745238 26288.99872543935 4.35616043801117 -4.35616043801117 -4.670189846443725 -3.123088737479561 174403
80 37090.48083828074 110889.38475679535 26033.134404923283 4.702606099351007 -4.702606099351007 -5.01529865810355 -3.4695343988193983 174013
81 36586.65036471938 110275.24333881504 25946.106296466125 5.049744494120578 -5.049744494120578 -5.369367238380775 -3.8166727935889693 172808
82 36302.513698086674 110002.56862638566 25816.917675527144 5.3892057461586305 -5.3892057461586305 -5.712589911848982 -4.156134045627022 172122
83 35839.93679957875 109608.75946467031 25452.303735751964 5.72404946156321 -5.72404946156321 -6.053355834826659 -4.490977761031601 170901
84 35911.30131630312 109833.93378073085 25436.764902966614 6.066534484916742 -6.066534484916742 -6.395030085396851 -4.833462784385134 171182
85 36206.23927405974 111285.427125322 25764.33360061825 6.407891550424502 -6.407891550424502 -6.740235594517518 -5.174819849892893 173256
86 35565.658553575915 110832.14974973317 25435.19169669043 6.738494995156556 -6.738494995156556 -7.080542918227479 -5.505423294624947 171833
87 35327.62413803392 110811.24576166348 25450.130100301667 7.068844769323812 -7.068844769323812 -7.415890419447866 -5.835773068792204 171589
88 35587.62819447072 112254.38974920669 25808.98205632272 7.392666238353231 -7.392666238353231 -7.744680082646312 -6.159594537821622 173651
89 35087.22050651699 111158.74175600178 25612.037737481864 7.709598885874403 -7.709598885874403 -8.064906701193138 -6.476527185342794 171858
90 34623.089878470026 110978.65085462181 25236.259266907673 8.017136118380899 -8.017136118380899 -8.380196289604442 -6.78406441784929 170838
91 34731.36518701881 110522.41704552909 25133.217767452017 8.33867688107707 -8.33867688107707 -8.696154842454321 -7.105605180545462 170387
92 34553.67562471521 110431.21331876956 25248.111056515852 8.657781227490444 -8.657781227490444 -9.018857159387986 -7.424709526958836 170233
93 33852.62950396982 109389.75558858803 24634.61490744258 8.965599926450473 -8.965599926450473 -9.33336201761364 -7.732528225918864 167877
94 34157.824459085845 110401.6729362734 25027.50260464074 9.282298627530198 -9.282298627530198 -9.651762629642047 -8.049226926998589 169587
95 33808.33087167873 110752.643623031 24886.025505290432 9.583307390552532 -9.583307390552532 -9.962219736862512 -8.350235690020924 169447
96 33607.73129449417 110561.88617094209 24796.382534563083 9.887301960615245 -9.887301960615245 -10.268642834149436 -8.654230260083636 168966
97 33698.76460152836 111266.62458396534 24832.610814507032 10.18858279034903 -10.18858279034903 -10.572760954267018 -8.95551108981742 169798
98 33250.68196574304 110269.25413993248 24521.063894324718 10.490869838297295 -10.490869838297295 -10.8777929553618 -9.257798137765686 168041
99 32940.565460101796 110566.1465867772 24385.28795312081 10.78630616594247 -10.78630616594247 -11.182448113846643 -9.553234465410862 167892
100 33033.65600053293 110444.22724915955 24190.1167503079 11.091607702358896 -11.091607702358896 -11.482686869656117 -9.858536001827288 167668
101 32706.723793297155 110762.95244913896 24422.323757563514 11.391810336509197 -11.391810336509197 -11.794496388299505 -10.158738635977588 167892
102 32143.767488228677 110624.88064288476 24222.351868887643 11.671396191394024 -11.671396191394024 -12.086013360872618 -10.438324490862415 166991
103 32099.026817665446 110649.11796298271 23930.855219350666 11.955218814090026 -11.955218814090026 -12.369262231995394 -10.722147113558417 166679
104 31421.302656294058 109109.19520375365 23691.502139951357 12.242205837625804 -12.242205837625804 -12.663232632034678 -11.009134137094195 164222
105 30899.13967193512 107242.87860333946 23234.981724725156 12.524969451083164 -12.524969451083164 -12.9448549394285 -11.291897750551556 161377
106 30690.87543679424 108116.21907400207 23510.905489203837 12.79792619104907 -12.79792619104907 -13.23035340562875 -11.564854490517462 162318
107 30746.79310030231 109726.81446326374 23462.39243643422 13.056418299272982 -13.056418299272982 -13.49708635751272 -11.823346598741374 163936
108 30683.874126507064 110394.78020378618 23600.345669706505 13.32047946486818 -13.32047946486818 -13.767790038740852 -12.087407764336572 164679
109 30374.880037904837 108571.27484880514 23500.84511328947 13.585654300881592 -13.585654300881592 -14.029842354833708 -12.352582600349983 162447
110 30329.458608890425 108585.93869299997 23294.60269810893 13.841290492524514 -13.841290492524514 -14.285384454529009 -12.608218791992906 162210
111 30045.169700239578 109073.6078114814 23233.222488278723 14.094841192710922 -14.094841192710922 -14.548893983540518 -12.861769492179313 162352
112 31711.098498990457 114636.131022649 24339.770478360217 14.35639063313604 -14.35639063313604 -14.806191940032443 -13.123318932604432 170687
113 30785.08944605162 114181.30102606125 23931.60952788683 14.601387922499697 -14.601387922499697 -15.071198709366737 -13.368316221968088 168898
114 30528.99422182925 111729.38576767755 23868.620010494476 14.861037294858303 -14.861037294858303 -15.322085616242957 -13.627965594326694 166127
115 29858.406072495523 111208.87380426885 23378.720123235566 15.094982869377654 -15.094982869377654 -15.568324599266603 -13.861911168846046 164446
116 29470.210739360024 111086.86225868021 23077.92700195885 15.331239664192355 -15.331239664192355 -15.812610823798773 -14.098167963660746 163635
117 29224.26151493009 109522.21159763208 23061.526887436463 15.57823169706568 -15.57823169706568 -16.056635104179165 -14.345159996534072 161808
118 29205.886366676616 110051.63520409356 23088.478429228995 15.811828856850706 -15.811828856850706 -16.293669215565387 -14.578757156319098 162346
119 28971.06481691413 109935.78720764106 22934.147975444313 16.04202788023105 -16.04202788023105 -16.529063017828534 -14.808956179699441 161841
120 28874.619297516467 111225.82454567944 22720.556156803534 16.266453785538847 -16.266453785538847 -16.762590295333965 -15.03338208500724 162821
121 28691.260016825552 110925.40443936414 22910.335543810586 16.501667703940917 -16.501667703940917 -17.002725177537762 -15.268596003409309 162527
122 28712.853905884593 111358.40409913038 22862.741994985605 16.725108710633055 -16.725108710633055 -17.22768033105585 -15.492037010101447 162934
123 28797.48487838146 112720.74213835406 23160.772983264735 16.94587612702773 -16.94587612702773 -17.45615508670857 -15.712804426496122 164679
124 28514.880642948 112998.16648624667 23122.952870805675 17.15390977827726 -17.15390977827726 -17.674215493046745 -15.920838077745653 164636
125 28058.630509253755 111930.27009367931 22654.099397066137 17.360064980121308 -17.360064980121308 -17.883700457612434 -16.1269932795897 162643
126 28154.303337954436 113727.09090652969 23129.605755514614 17.562297874278155 -17.562297874278155 -18.09789427438288 -16.329226173746548 165011
127 28727.111129309724 114753.16434079835 23244.724529890726 17.768118935464695 -17.768118935464695 -18.293743843280517 -16.53504723493309 166725
128 28805.004990972575 116017.74255270076 23494.25245632754 17.97341818863198 -17.97341818863198 -18.505219067811872 -16.740346488100375 168317
129 28654.14310602988 116332.66095685908 23734.195937110224 18.168904568877938 -18.168904568877938 -18.709297672466782 -16.93583286834633 168721
130 28225.111441507335 115295.56986342114 23052.318695072805 18.3549255721375 -18.3549255721375 -18.897097488682114 -17.121853871605893 166573
131 28133.719006143467 116314.25200643706 23121.028987419377 18.54825644008782 -18.54825644008782 -19.09943549836736 -17.315184739556212 167569
132 28184.21042155423 116892.27921186254 23257.510366582133 18.742136154568097 -18.742136154568097 -19.295944623637972 -17.50906445403649 168334
133 28410.377861928548 118350.83289778227 23734.789240289712 18.930011252402334 -18.930011252402334 -19.488444153939056 -17.696939551870727 170496
134 28708.84523909012 120336.0874596402 23849.067301269366 19.106253990532903 -19.106253990532903 -19.668712132786716 -17.873182290001296 172894
135 28131.372196336164 119374.1800549852 23608.447748677347 19.281114715361216 -19.281114715361216 -19.853494184913323 -18.04804301482961 171114
136 27931.86576616898 119174.81784211138 23463.31639171927 19.452877660414515 -19.452877660414515 -20.029057420163227 -18.21980595988291 170570
137 28039.12242091945 118551.6606058157 23597.216973265102 19.632965011889087 -19.632965011889087 -20.203462794367002 -18.39989331135748 170188
138 28354.476649273354 121617.63272284638 23876.890627880457 19.795897483520367 -19.795897483520367 -20.375868832967903 -18.56282578298876 173849
139 27734.2554798574 119428.19257326663 23433.55194687581 19.964382947872075 -19.964382947872075 -20.547795738875166 -18.731311247340468 170596
140 27496.581345713254 118634.87463979775 23494.544014490093 20.129814459357366 -20.129814459357366 -20.716487756083193 -18.89674275882576 169626
