# performed: 3601810 steps
# collection matrix updated: 36 times
# minimum microstate: 0
# maximum microstate: 70
# column 1: N
# column 2: CM[-1]
# column 3: CM[ 0]0
# column 4: CM[+1]
# column 5: bias
# column 6: lnpi
# column 7: forward lnpi
# column 8: reverse lnpi
# column 9: histogram
N CM[-1] CM[0] CM[1] bias lnpi Forward_lnpi Reverse_lnpi histogram
0 0 39584 12913 19.08197003226025 -19.08197003226025 0 0 52497
1 832.2535020285366 38711.74649797143 13201 16.335404325738352 -16.335404325738352 -1.4025214692432062 2.746565706521901 52745
2 1665.8646318722965 38734.1353681279 13541 14.243034152981664 -14.243034152981664 1.3613893096867518 4.838935879278587 53941
3 2500.601708527537 38658.398291472375 13496 12.540693574218025 -12.540693574218025 3.4567671426219952 6.541276458042228 54655
4 3333.2926809927567 38243.707319007444 13978 11.125928018233573 -11.125928018233573 5.1426291015400984 7.95604201402668 55555
5 4355.458301707864 39959.54169829245 14851 9.896899662157743 -9.896899662157743 6.576153158045644 9.185070370102508 59166
6 4944.05058580694 37737.94941419307 14104 8.838074647074343 -8.838074647074343 7.802790520573064 10.243895385185908 56786
7 5615.909973450961 37006.09002654917 14287 7.915056153821971 -7.915056153821971 8.85106401380852 11.166913878438281 56909
8 6306.0270444656035 36264.04950623497 14283.923449299135 7.098178893277427 -7.098178893277427 9.784810410464937 11.983791138982825 56854
9 6930.36673565189 35251.76083840621 14144.872425942063 6.384269538981065 -6.384269538981065 10.60243923118909 12.697700493279187 56327
10 7568.479691544334 34697.649379579154 13971.87092887647 5.760490876126549 -5.760490876126549 11.315878685071446 13.321479156133703 56238
11 8202.784503577634 34407.9351313417 14048.280365080696 5.2204602971824245 -5.2204602971824245 11.928932560201565 13.861509735077828 56659
12 8781.9640469595 32814.98558617002 13789.050366870586 4.773384371897591 -4.773384371897591 12.46695888431097 14.308585660362661 55386
13 9357.076584806518 32909.281585631834 14055.641829561526 4.36888408903408 -4.36888408903408 12.918133631664315 14.713085943226172 56322
14 9975.76116655426 32283.99820468386 13945.240628761963 4.028097989107786 -4.028097989107786 13.325024589527354 15.053872043152467 56205
15 10053.678420129789 31537.838635875993 13729.482943994295 3.716751429746677 -3.716751429746677 13.660004598727685 15.365218602513576 55321
16 10708.361784842687 31076.479326523193 13577.158888634307 3.467489926473271 -3.467489926473271 13.971611579456539 15.614480105786981 55362
17 10851.912254664474 30963.09566220433 13532.992083131183 3.243695261288397 -3.243695261288397 14.208975555291454 15.838274770971855 55348
18 11380.275128974126 30383.45117386857 13225.27369715719 3.0769536637177035 -3.0769536637177035 14.429764808254196 16.00501636854255 54989
19 11796.517693001226 31067.99739050973 13403.484916489197 2.9397599556137424 -2.9397599556137424 14.580012876280179 16.14221007664651 56268
20 12433.385435701255 31427.83216524453 13527.782399054186 2.845007752638339 -2.845007752638339 14.707433607797729 16.236962279621913 57388
21 12575.796738829633 32061.356067997887 13182.847193172614 2.76443623345621 -2.76443623345621 14.791915162125639 16.317533798804043 57820
22 12922.569143712724 31654.40325791775 12696.02759836944 2.754114101304837 -2.754114101304837 14.839102119199021 16.327855930955415 57273
23 12726.005131755635 31528.307297248964 12791.687570995417 2.760585016999223 -2.760585016999223 14.82129662317485 16.32138501526103 57046
24 12766.227179673877 31128.292047203053 12356.480773122961 2.772797192357481 -2.772797192357481 14.82629284513104 16.30917283990277 56251
25 12694.019743172446 31068.99003892688 11893.99021790084 2.8104201977010037 -2.8104201977010037 14.793284547715672 16.27154983455925 55658
26 12642.28548060869 30864.908323282474 11591.806196108626 2.881435290588418 -2.881435290588418 14.728504009608656 16.200534741671834 55099
27 12428.564321776323 30342.27818151045 11192.157496713233 2.972197206148473 -2.972197206148473 14.641618967337651 16.10977282611178 53963
28 12225.159839428401 30092.1636745953 10863.67648597651 3.074900097810219 -3.074900097810219 14.536810637477702 16.007069934450033 53181
29 12344.095789846953 29951.74581786489 10644.158392288165 3.2074068151020425 -3.2074068151020425 14.41852695709572 15.87456321715821 52940
30 12135.231982382798 29499.251611618376 10336.516405998846 3.3571383815181646 -3.3571383815181646 14.270370998864808 15.724831650742088 51971
31 11925.71733943383 29353.134190521825 9919.148470044405 3.515603408539042 -3.515603408539042 14.109579446821277 15.56636662372121 51198
32 12112.341985296294 29810.489146083677 10207.168868620058 3.697528855359127 -3.697528855359127 13.925168541732472 15.384441176901126 52130
33 12175.961277576956 29680.059111650477 9833.979610772652 3.8827948730742277 -3.8827948730742277 13.753089339575704 15.199175159186025 51690
34 11792.600767080206 29449.040003762275 9705.35922915746 4.078202237121071 -4.078202237121071 13.540170869211343 15.003767795139181 50947
35 11446.839236247024 28748.906014359607 9426.254749393542 4.269882278463707 -4.269882278463707 13.345888021797801 14.812087753796545 49622
36 11438.75892902198 28369.90462102674 9131.336449951299 4.477550437325843 -4.477550437325843 13.15108756402016 14.60441959493441 48940
37 11298.655093002186 28219.610360801813 8768.734546196087 4.703753418542809 -4.703753418542809 12.92564285130581 14.378216613717443 48287
38 11200.303850951661 28284.262740599486 8743.433408448785 4.949537534159011 -4.949537534159011 12.672333585831005 14.132432498101242 48228
39 10923.169456211153 27677.919137551882 8561.911406236855 5.1939728208463665 -5.1939728208463665 12.425318677367011 13.887997211413886 47163
40 10765.436298861026 26855.301076852396 8232.262624286604 5.452269322832749 -5.452269322832749 12.181750613667623 13.629700709427503 45853
41 10670.491850482675 26530.844084170018 8034.66406534734 5.7253329917965905 -5.7253329917965905 11.91248834936291 13.356637040463662 45236
42 10434.29447861304 26877.937781478307 7961.767739908765 5.985350748980401 -5.985350748980401 11.628634230981795 13.096619283279852 45274
43 10580.025925911741 26850.443110339264 7972.530963748877 6.267019838460743 -6.267019838460743 11.358066751557207 12.81495019379951 45403
44 10550.96338379805 26948.021626506204 7785.014989695695 6.548771102176999 -6.548771102176999 11.076006287185761 12.533198930083254 45284
45 10583.643279768507 26951.590795507673 7861.765924723712 6.853071829962793 -6.853071829962793 10.772821279543857 12.22889820229746 45397
46 10765.016719208734 27410.705216480437 7885.2780643107535 7.152650903807841 -7.152650903807841 10.475370280716199 11.929319128452411 46061
47 10686.185335412285 27667.77616543885 7932.038499148873 7.451626067986152 -7.451626067986152 10.164194540149426 11.6303439642741 46286
48 11008.140544347405 29161.932080023587 7955.927375628977 7.739916982947345 -7.739916982947345 9.866795459298057 11.342053049312907 48126
49 10596.58741180612 27809.23973239972 7726.172855794064 8.068826697494341 -8.068826697494341 9.542168489403261 11.013143334765912 46132
50 10732.638938780834 28405.580412907726 7713.780648311323 8.382015682043022 -8.382015682043022 9.226250119654393 10.69995435021723 46852
51 10879.449043429608 28711.569912626197 7807.981043944427 8.71427542472308 -8.71427542472308 8.895969076860013 10.367694607537171 47399
52 10727.354556670432 28004.50226234376 7646.143180985844 9.053701905760974 -9.053701905760974 8.564239897439426 10.02826812649928 46378
53 10983.424282483733 29202.467683911935 7848.108033604412 9.380803912669656 -9.380803912669656 8.225644278996171 9.701166119590598 48034
54 11268.461935809424 30296.166664607816 8030.37139958282 9.710558340587248 -9.710558340587248 7.889529514017136 9.371411691673005 49595
55 10918.97294224184 29628.186146143104 7862.840911614935 10.042013093425044 -10.042013093425044 7.550752447868858 9.039956938835207 48410
56 10834.327245269831 28729.130120712412 7555.542634017686 10.389614742571315 -10.389614742571315 7.2223985151580905 8.692355289688939 47119
57 10459.638847785276 28415.990343458467 7429.370808756054 10.732283626081799 -10.732283626081799 6.861960390616558 8.349686406178455 46305
58 10569.287085810407 28554.29431185187 7358.418602337613 11.08097960988281 -11.08097960988281 6.519877632163928 8.000990422377443 46482
59 10183.139704059175 28358.234738869953 7426.625557070867 11.416987585119646 -11.416987585119646 6.157770327341051 7.664982447140607 45968
60 10375.562673576183 27889.0281410793 7272.409185344563 11.760789612315357 -11.760789612315357 5.842108535875942 7.321180419944897 45537
61 10331.63219429092 28454.470974720083 7181.896830989008 12.102491944393044 -12.102491944393044 5.486742861535962 6.979478087867209 45968
62 10306.33010157432 28298.685348930416 7202.984549495219 12.467173446946507 -12.467173446946507 5.1230961163893305 6.614796585313744 45808
63 10140.817877717156 28139.720351702163 7170.461770580694 12.817070565287665 -12.817070565287665 4.764833297853224 6.264899466972588 45451
64 10274.291301842557 28104.053290083295 7115.655408074106 13.175799667999456 -13.175799667999456 4.41823470007799 5.906170364260797 45494
65 10124.950462759469 28281.561149550314 7092.488387690209 13.52839514616575 -13.52839514616575 4.050887258814763 5.553574886094502 45499
66 10209.665307481873 28244.354623083855 7184.980069434403 13.889621480062008 -13.889621480062008 3.694920788834528 5.1923485521982435 45639
67 10122.573719228376 28467.231689778077 7068.194590993521 14.231980462076955 -14.231980462076955 3.343578683663184 4.849989570183299 45658
68 10121.847676900756 28222.048354567243 7030.103968531958 14.597311185047523 -14.597311185047523 2.9844158174011195 4.484658847212728 45374
69 9787.419346644268 28262.916414072122 6927.664239283666 14.936973283345765 -14.936973283345765 2.619921088416133 4.1449967489144885 44978
70 9938.491369773485 27709.712837086106 6833.795793140272 15.308954681427792 -15.308954681427792 2.2743459733572653 3.773015350832459 44482
